2.210999999999999943e+01
2.210999999999999943e+01
2.208999999999999986e+01
2.214999999999999858e+01
2.208999999999999986e+01
2.210999999999999943e+01
2.212989999999999924e+01
2.214999999999999858e+01
2.212989999999999924e+01
2.214999999999999858e+01
2.214999999999999858e+01
2.212989999999999924e+01
2.212989999999999924e+01
2.217000000000000171e+01
2.214999999999999858e+01
2.217000000000000171e+01
2.214999999999999858e+01
2.217000000000000171e+01
2.210999999999999943e+01
2.212989999999999924e+01
2.208999999999999986e+01
2.212989999999999924e+01
2.217000000000000171e+01
2.219000000000000128e+01
2.217000000000000171e+01
2.219000000000000128e+01
2.220990000000000109e+01
2.217000000000000171e+01
2.217000000000000171e+01
2.217000000000000171e+01
2.217000000000000171e+01
2.220990000000000109e+01
2.220990000000000109e+01
2.220990000000000109e+01
2.220990000000000109e+01
2.220990000000000109e+01
2.223000000000000043e+01
2.223000000000000043e+01
2.219000000000000128e+01
2.220990000000000109e+01
2.220990000000000109e+01
2.223000000000000043e+01
2.225000000000000000e+01
2.226999999999999957e+01
2.223000000000000043e+01
2.219000000000000128e+01
2.219000000000000128e+01
2.223000000000000043e+01
2.220990000000000109e+01
2.225000000000000000e+01
2.223000000000000043e+01
2.225000000000000000e+01
2.223000000000000043e+01
2.226999999999999957e+01
2.226999999999999957e+01
2.225000000000000000e+01
2.223000000000000043e+01
2.226999999999999957e+01
2.223000000000000043e+01
2.226999999999999957e+01
2.225000000000000000e+01
2.226999999999999957e+01
2.226999999999999957e+01
2.225000000000000000e+01
2.225000000000000000e+01
2.228999999999999915e+01
2.225000000000000000e+01
2.223000000000000043e+01
2.225000000000000000e+01
2.226999999999999957e+01
2.223000000000000043e+01
2.226999999999999957e+01
2.226999999999999957e+01
2.228999999999999915e+01
2.226999999999999957e+01
2.226999999999999957e+01
2.228999999999999915e+01
2.226999999999999957e+01
2.229990000000000094e+01
2.228999999999999915e+01
2.229990000000000094e+01
2.229990000000000094e+01
2.232000000000000028e+01
2.229990000000000094e+01
2.229990000000000094e+01
2.228999999999999915e+01
2.232000000000000028e+01
2.232000000000000028e+01
2.233999999999999986e+01
2.235999999999999943e+01
2.232000000000000028e+01
2.233999999999999986e+01
2.237989999999999924e+01
2.233999999999999986e+01
2.235999999999999943e+01
2.232000000000000028e+01
2.235999999999999943e+01
2.235999999999999943e+01
2.233999999999999986e+01
2.232000000000000028e+01
2.232000000000000028e+01
2.235999999999999943e+01
2.239999999999999858e+01
2.237989999999999924e+01
2.235999999999999943e+01
2.242000000000000171e+01
2.239999999999999858e+01
2.237989999999999924e+01
2.237989999999999924e+01
2.233999999999999986e+01
2.237989999999999924e+01
2.235999999999999943e+01
2.239999999999999858e+01
2.239999999999999858e+01
2.237989999999999924e+01
2.237989999999999924e+01
2.237989999999999924e+01
2.239999999999999858e+01
2.239999999999999858e+01
2.242000000000000171e+01
2.239999999999999858e+01
2.239999999999999858e+01
2.244000000000000128e+01
2.244000000000000128e+01
2.242000000000000171e+01
2.242000000000000171e+01
2.242000000000000171e+01
2.242000000000000171e+01
2.242000000000000171e+01
2.244000000000000128e+01
2.245990000000000109e+01
2.244000000000000128e+01
2.244000000000000128e+01
2.245990000000000109e+01
2.244000000000000128e+01
2.244000000000000128e+01
2.245990000000000109e+01
2.245990000000000109e+01
2.245990000000000109e+01
2.245990000000000109e+01
2.248000000000000043e+01
2.244000000000000128e+01
2.248000000000000043e+01
2.244000000000000128e+01
2.245990000000000109e+01
2.244000000000000128e+01
2.244000000000000128e+01
2.244000000000000128e+01
2.245990000000000109e+01
2.248000000000000043e+01
2.245990000000000109e+01
2.248000000000000043e+01
2.245990000000000109e+01
2.251000000000000156e+01
2.248000000000000043e+01
2.248000000000000043e+01
2.248000000000000043e+01
2.250000000000000000e+01
2.248000000000000043e+01
2.251000000000000156e+01
2.248000000000000043e+01
2.250000000000000000e+01
2.245990000000000109e+01
2.245990000000000109e+01
2.244000000000000128e+01
2.248000000000000043e+01
2.245990000000000109e+01
2.244000000000000128e+01
2.244000000000000128e+01
2.244000000000000128e+01
2.248000000000000043e+01
2.244000000000000128e+01
2.245990000000000109e+01
2.245990000000000109e+01
2.242000000000000171e+01
2.248000000000000043e+01
2.242000000000000171e+01
2.242000000000000171e+01
2.242000000000000171e+01
2.242000000000000171e+01
2.245990000000000109e+01
2.239999999999999858e+01
2.242000000000000171e+01
2.242000000000000171e+01
2.245990000000000109e+01
2.245990000000000109e+01
2.248000000000000043e+01
2.242000000000000171e+01
2.245990000000000109e+01
2.244000000000000128e+01
2.244000000000000128e+01
2.237989999999999924e+01
2.239999999999999858e+01
2.242000000000000171e+01
2.237989999999999924e+01
2.237989999999999924e+01
2.239999999999999858e+01
2.242000000000000171e+01
2.242000000000000171e+01
2.244000000000000128e+01
2.244000000000000128e+01
2.244000000000000128e+01
2.244000000000000128e+01
2.242000000000000171e+01
2.244000000000000128e+01
2.245990000000000109e+01
2.244000000000000128e+01
2.242000000000000171e+01
2.245990000000000109e+01
2.244000000000000128e+01
2.242000000000000171e+01
2.242000000000000171e+01
2.245990000000000109e+01
2.244000000000000128e+01
2.242000000000000171e+01
2.239999999999999858e+01
2.239999999999999858e+01
2.242000000000000171e+01
2.242000000000000171e+01
2.242000000000000171e+01
2.245990000000000109e+01
2.244000000000000128e+01
2.244000000000000128e+01
2.245990000000000109e+01
2.244000000000000128e+01
2.244000000000000128e+01
2.245990000000000109e+01
2.242000000000000171e+01
2.244000000000000128e+01
2.244000000000000128e+01
2.245990000000000109e+01
2.245990000000000109e+01
2.245990000000000109e+01
2.239999999999999858e+01
2.242000000000000171e+01
2.242000000000000171e+01
2.244000000000000128e+01
2.245990000000000109e+01
2.244000000000000128e+01
2.248000000000000043e+01
2.248000000000000043e+01
2.244000000000000128e+01
2.248000000000000043e+01
2.248000000000000043e+01
2.248000000000000043e+01
2.245990000000000109e+01
2.248000000000000043e+01
2.244000000000000128e+01
2.250000000000000000e+01
2.248000000000000043e+01
2.248000000000000043e+01
2.250000000000000000e+01
2.250000000000000000e+01
2.248000000000000043e+01
2.250000000000000000e+01
2.244000000000000128e+01
2.248000000000000043e+01
2.248000000000000043e+01
2.250000000000000000e+01
2.250000000000000000e+01
2.245990000000000109e+01
2.248000000000000043e+01
2.245990000000000109e+01
2.248000000000000043e+01
2.248000000000000043e+01
2.251000000000000156e+01
2.251000000000000156e+01
2.250000000000000000e+01
2.248000000000000043e+01
2.248000000000000043e+01
2.253000000000000114e+01
2.251000000000000156e+01
2.253000000000000114e+01
2.250000000000000000e+01
2.251000000000000156e+01
2.250000000000000000e+01
2.253000000000000114e+01
2.251000000000000156e+01
2.250000000000000000e+01
2.251000000000000156e+01
2.254990000000000094e+01
2.253000000000000114e+01
2.254990000000000094e+01
2.253000000000000114e+01
2.253000000000000114e+01
2.253000000000000114e+01
2.253000000000000114e+01
2.248000000000000043e+01
2.248000000000000043e+01
2.254990000000000094e+01
2.250000000000000000e+01
2.253000000000000114e+01
2.253000000000000114e+01
2.254990000000000094e+01
2.253000000000000114e+01
2.254990000000000094e+01
2.254990000000000094e+01
2.251000000000000156e+01
2.253000000000000114e+01
2.258999999999999986e+01
2.257000000000000028e+01
2.253000000000000114e+01
2.254990000000000094e+01
2.253000000000000114e+01
2.254990000000000094e+01
2.254990000000000094e+01
2.254990000000000094e+01
2.254990000000000094e+01
2.257000000000000028e+01
2.257000000000000028e+01
2.257000000000000028e+01
2.257000000000000028e+01
2.254990000000000094e+01
2.251000000000000156e+01
2.257000000000000028e+01
2.254990000000000094e+01
2.254990000000000094e+01
2.253000000000000114e+01
2.254990000000000094e+01
2.257000000000000028e+01
2.258999999999999986e+01
2.257000000000000028e+01
2.251000000000000156e+01
2.257000000000000028e+01
2.258999999999999986e+01
2.257000000000000028e+01
2.260999999999999943e+01
2.258999999999999986e+01
2.254990000000000094e+01
2.260999999999999943e+01
2.257000000000000028e+01
2.257000000000000028e+01
2.260999999999999943e+01
2.254990000000000094e+01
2.258999999999999986e+01
2.258999999999999986e+01
2.257000000000000028e+01
2.258999999999999986e+01
2.258999999999999986e+01
2.258999999999999986e+01
2.260999999999999943e+01
2.262989999999999924e+01
2.262989999999999924e+01
2.258999999999999986e+01
2.260999999999999943e+01
2.260999999999999943e+01
2.258999999999999986e+01
2.260999999999999943e+01
2.260999999999999943e+01
2.262989999999999924e+01
2.258999999999999986e+01
2.260999999999999943e+01
2.262989999999999924e+01
2.262989999999999924e+01
2.260999999999999943e+01
2.260999999999999943e+01
2.258999999999999986e+01
2.260999999999999943e+01
2.260999999999999943e+01
2.262989999999999924e+01
2.264999999999999858e+01
2.260999999999999943e+01
2.267000000000000171e+01
2.262989999999999924e+01
2.262989999999999924e+01
2.264999999999999858e+01
2.262989999999999924e+01
2.262989999999999924e+01
2.262989999999999924e+01
2.258999999999999986e+01
2.260999999999999943e+01
2.260999999999999943e+01
2.264999999999999858e+01
2.264999999999999858e+01
2.264999999999999858e+01
2.264999999999999858e+01
2.267000000000000171e+01
2.267000000000000171e+01
2.267000000000000171e+01
2.269000000000000128e+01
2.264999999999999858e+01
2.269000000000000128e+01
2.269000000000000128e+01
2.267000000000000171e+01
2.269000000000000128e+01
2.267000000000000171e+01
2.267000000000000171e+01
2.264999999999999858e+01
2.264999999999999858e+01
2.269000000000000128e+01
2.267000000000000171e+01
2.269000000000000128e+01
2.269000000000000128e+01
2.269000000000000128e+01
2.267000000000000171e+01
2.269000000000000128e+01
2.269000000000000128e+01
2.269000000000000128e+01
2.269000000000000128e+01
2.269000000000000128e+01
2.267000000000000171e+01
2.264999999999999858e+01
2.269000000000000128e+01
2.269000000000000128e+01
2.269999999999999929e+01
2.269999999999999929e+01
2.269999999999999929e+01
2.267000000000000171e+01
2.267000000000000171e+01
2.269000000000000128e+01
2.273999999999999844e+01
2.271989999999999910e+01
2.273999999999999844e+01
2.271989999999999910e+01
2.271989999999999910e+01
2.271989999999999910e+01
2.273999999999999844e+01
2.273999999999999844e+01
2.269999999999999929e+01
2.273999999999999844e+01
2.273999999999999844e+01
2.273999999999999844e+01
2.271989999999999910e+01
2.273999999999999844e+01
2.273999999999999844e+01
2.271989999999999910e+01
2.269999999999999929e+01
2.276000000000000156e+01
2.276000000000000156e+01
2.271989999999999910e+01
2.278000000000000114e+01
2.278000000000000114e+01
2.282000000000000028e+01
2.279990000000000094e+01
2.282000000000000028e+01
2.276000000000000156e+01
2.278000000000000114e+01
2.279990000000000094e+01
2.278000000000000114e+01
2.282000000000000028e+01
2.279990000000000094e+01
2.278000000000000114e+01
2.282000000000000028e+01
2.273999999999999844e+01
2.278000000000000114e+01
2.279990000000000094e+01
2.278000000000000114e+01
2.276000000000000156e+01
2.276000000000000156e+01
2.282000000000000028e+01
2.273999999999999844e+01
2.282000000000000028e+01
2.278000000000000114e+01
2.278000000000000114e+01
2.279990000000000094e+01
2.279990000000000094e+01
2.279990000000000094e+01
2.278000000000000114e+01
2.279990000000000094e+01
2.278000000000000114e+01
2.279990000000000094e+01
2.282000000000000028e+01
2.278000000000000114e+01
2.282000000000000028e+01
2.278000000000000114e+01
2.276000000000000156e+01
2.278000000000000114e+01
2.278000000000000114e+01
2.279990000000000094e+01
2.279990000000000094e+01
2.279990000000000094e+01
2.282000000000000028e+01
2.279990000000000094e+01
2.279990000000000094e+01
2.279990000000000094e+01
2.282000000000000028e+01
2.282000000000000028e+01
2.279990000000000094e+01
2.279990000000000094e+01
2.282000000000000028e+01
2.273999999999999844e+01
2.278000000000000114e+01
2.282000000000000028e+01
2.271989999999999910e+01
2.276000000000000156e+01
2.278000000000000114e+01
2.276000000000000156e+01
2.269000000000000128e+01
2.273999999999999844e+01
2.273999999999999844e+01
2.276000000000000156e+01
2.276000000000000156e+01
2.271989999999999910e+01
2.273999999999999844e+01
2.271989999999999910e+01
2.269999999999999929e+01
2.273999999999999844e+01
2.276000000000000156e+01
2.273999999999999844e+01
2.273999999999999844e+01
2.271989999999999910e+01
2.271989999999999910e+01
2.269999999999999929e+01
2.271989999999999910e+01
2.269999999999999929e+01
2.271989999999999910e+01
2.273999999999999844e+01
2.269999999999999929e+01
2.273999999999999844e+01
2.267000000000000171e+01
2.269000000000000128e+01
2.269999999999999929e+01
2.271989999999999910e+01
2.267000000000000171e+01
2.269000000000000128e+01
2.269999999999999929e+01
2.267000000000000171e+01
2.269999999999999929e+01
2.271989999999999910e+01
2.273999999999999844e+01
2.273999999999999844e+01
2.271989999999999910e+01
2.276000000000000156e+01
2.273999999999999844e+01
2.269000000000000128e+01
2.269999999999999929e+01
2.273999999999999844e+01
2.269000000000000128e+01
2.264999999999999858e+01
2.269999999999999929e+01
2.269999999999999929e+01
2.269999999999999929e+01
2.269999999999999929e+01
2.269999999999999929e+01
2.269999999999999929e+01
2.271989999999999910e+01
2.271989999999999910e+01
2.262989999999999924e+01
2.267000000000000171e+01
2.269000000000000128e+01
2.269999999999999929e+01
2.269999999999999929e+01
2.269000000000000128e+01
2.269000000000000128e+01
2.269000000000000128e+01
2.271989999999999910e+01
2.269999999999999929e+01
2.271989999999999910e+01
2.271989999999999910e+01
2.271989999999999910e+01
2.276000000000000156e+01
2.271989999999999910e+01
2.273999999999999844e+01
2.269000000000000128e+01
2.273999999999999844e+01
2.271989999999999910e+01
2.273999999999999844e+01
2.269999999999999929e+01
2.269999999999999929e+01
2.269000000000000128e+01
2.273999999999999844e+01
2.273999999999999844e+01
2.269999999999999929e+01
2.269999999999999929e+01
2.269999999999999929e+01
2.269000000000000128e+01
2.269000000000000128e+01
2.271989999999999910e+01
2.269000000000000128e+01
2.267000000000000171e+01
2.273999999999999844e+01
2.276000000000000156e+01
2.271989999999999910e+01
2.273999999999999844e+01
2.276000000000000156e+01
2.269999999999999929e+01
2.273999999999999844e+01
2.269000000000000128e+01
2.269999999999999929e+01
2.269999999999999929e+01
2.271989999999999910e+01
2.276000000000000156e+01
2.273999999999999844e+01
2.271989999999999910e+01
2.273999999999999844e+01
2.273999999999999844e+01
2.271989999999999910e+01
2.273999999999999844e+01
2.269999999999999929e+01
2.269999999999999929e+01
2.271989999999999910e+01
2.273999999999999844e+01
2.276000000000000156e+01
2.273999999999999844e+01
2.273999999999999844e+01
2.271989999999999910e+01
2.271989999999999910e+01
2.271989999999999910e+01
2.269000000000000128e+01
2.269999999999999929e+01
2.271989999999999910e+01
2.269000000000000128e+01
2.271989999999999910e+01
2.269000000000000128e+01
2.269000000000000128e+01
2.269000000000000128e+01
2.271989999999999910e+01
2.271989999999999910e+01
2.276000000000000156e+01
2.276000000000000156e+01
2.276000000000000156e+01
2.271989999999999910e+01
2.271989999999999910e+01
2.276000000000000156e+01
2.269999999999999929e+01
2.269999999999999929e+01
2.269999999999999929e+01
2.269999999999999929e+01
2.269000000000000128e+01
2.269999999999999929e+01
2.271989999999999910e+01
2.273999999999999844e+01
2.273999999999999844e+01
2.269999999999999929e+01
2.273999999999999844e+01
2.271989999999999910e+01
2.271989999999999910e+01
2.269000000000000128e+01
2.273999999999999844e+01
2.271989999999999910e+01
2.269999999999999929e+01
2.269999999999999929e+01
2.273999999999999844e+01
2.269999999999999929e+01
2.271989999999999910e+01
2.271989999999999910e+01
2.273999999999999844e+01
2.273999999999999844e+01
2.276000000000000156e+01
2.273999999999999844e+01
2.271989999999999910e+01
2.271989999999999910e+01
2.269999999999999929e+01
2.273999999999999844e+01
2.273999999999999844e+01
2.276000000000000156e+01
2.271989999999999910e+01
2.269000000000000128e+01
2.273999999999999844e+01
2.273999999999999844e+01
2.278000000000000114e+01
2.278000000000000114e+01
2.276000000000000156e+01
2.276000000000000156e+01
2.276000000000000156e+01
2.278000000000000114e+01
2.269999999999999929e+01
2.273999999999999844e+01
2.276000000000000156e+01
2.273999999999999844e+01
2.276000000000000156e+01
2.273999999999999844e+01
2.271989999999999910e+01
2.273999999999999844e+01
2.273999999999999844e+01
2.276000000000000156e+01
2.279990000000000094e+01
2.276000000000000156e+01
2.276000000000000156e+01
2.276000000000000156e+01
2.276000000000000156e+01
2.276000000000000156e+01
2.276000000000000156e+01
2.276000000000000156e+01
2.276000000000000156e+01
2.278000000000000114e+01
2.276000000000000156e+01
2.278000000000000114e+01
2.276000000000000156e+01
2.278000000000000114e+01
2.279990000000000094e+01
2.279990000000000094e+01
2.279990000000000094e+01
2.282000000000000028e+01
2.283999999999999986e+01
2.283999999999999986e+01
2.282000000000000028e+01
2.283999999999999986e+01
2.283999999999999986e+01
2.279990000000000094e+01
2.279990000000000094e+01
2.278000000000000114e+01
2.283999999999999986e+01
2.283999999999999986e+01
2.283999999999999986e+01
2.282000000000000028e+01
2.283999999999999986e+01
2.285999999999999943e+01
2.283999999999999986e+01
2.283999999999999986e+01
2.282000000000000028e+01
2.282000000000000028e+01
2.279990000000000094e+01
2.282000000000000028e+01
2.285999999999999943e+01
2.285999999999999943e+01
2.283999999999999986e+01
2.283999999999999986e+01
2.287989999999999924e+01
2.283999999999999986e+01
2.283999999999999986e+01
2.285999999999999943e+01
2.285999999999999943e+01
2.289999999999999858e+01
2.289999999999999858e+01
2.287989999999999924e+01
2.289999999999999858e+01
2.287989999999999924e+01
2.289999999999999858e+01
2.287989999999999924e+01
2.285999999999999943e+01
2.283999999999999986e+01
2.287989999999999924e+01
2.287989999999999924e+01
2.289999999999999858e+01
2.292999999999999972e+01
2.287989999999999924e+01
2.289999999999999858e+01
2.289999999999999858e+01
2.289999999999999858e+01
2.292999999999999972e+01
2.289999999999999858e+01
2.291000000000000014e+01
2.287989999999999924e+01
2.289999999999999858e+01
2.287989999999999924e+01
2.292999999999999972e+01
2.292999999999999972e+01
2.292999999999999972e+01
2.289999999999999858e+01
2.291000000000000014e+01
2.289999999999999858e+01
2.292999999999999972e+01
2.291000000000000014e+01
2.287989999999999924e+01
2.291000000000000014e+01
2.283999999999999986e+01
2.291000000000000014e+01
2.283999999999999986e+01
2.289999999999999858e+01
2.291000000000000014e+01
2.292999999999999972e+01
2.291000000000000014e+01
2.287989999999999924e+01
2.287989999999999924e+01
2.292999999999999972e+01
2.292999999999999972e+01
2.291000000000000014e+01
2.291000000000000014e+01
2.287989999999999924e+01
2.291000000000000014e+01
2.289999999999999858e+01
2.289999999999999858e+01
2.287989999999999924e+01
2.287989999999999924e+01
2.289999999999999858e+01
2.285999999999999943e+01
2.291000000000000014e+01
2.289999999999999858e+01
2.287989999999999924e+01
2.291000000000000014e+01
2.291000000000000014e+01
2.291000000000000014e+01
2.289999999999999858e+01
2.287989999999999924e+01
2.285999999999999943e+01
2.287989999999999924e+01
2.289999999999999858e+01
2.291000000000000014e+01
2.287989999999999924e+01
2.287989999999999924e+01
2.291000000000000014e+01
2.285999999999999943e+01
2.285999999999999943e+01
2.285999999999999943e+01
2.287989999999999924e+01
2.287989999999999924e+01
2.287989999999999924e+01
2.283999999999999986e+01
2.283999999999999986e+01
2.287989999999999924e+01
2.287989999999999924e+01
2.287989999999999924e+01
2.285999999999999943e+01
2.287989999999999924e+01
2.283999999999999986e+01
2.285999999999999943e+01
2.287989999999999924e+01
2.285999999999999943e+01
2.287989999999999924e+01
2.285999999999999943e+01
2.283999999999999986e+01
2.285999999999999943e+01
2.279990000000000094e+01
2.283999999999999986e+01
2.283999999999999986e+01
2.283999999999999986e+01
2.289999999999999858e+01
2.283999999999999986e+01
2.285999999999999943e+01
2.282000000000000028e+01
2.283999999999999986e+01
2.285999999999999943e+01
2.285999999999999943e+01
2.282000000000000028e+01
2.283999999999999986e+01
2.285999999999999943e+01
2.282000000000000028e+01
2.282000000000000028e+01
2.282000000000000028e+01
2.282000000000000028e+01
2.279990000000000094e+01
2.278000000000000114e+01
2.279990000000000094e+01
2.278000000000000114e+01
2.273999999999999844e+01
2.279990000000000094e+01
2.279990000000000094e+01
2.278000000000000114e+01
2.278000000000000114e+01
2.278000000000000114e+01
2.279990000000000094e+01
2.282000000000000028e+01
2.282000000000000028e+01
2.279990000000000094e+01
2.279990000000000094e+01
2.279990000000000094e+01
2.282000000000000028e+01
2.282000000000000028e+01
2.279990000000000094e+01
2.282000000000000028e+01
2.279990000000000094e+01
2.279990000000000094e+01
2.279990000000000094e+01
2.282000000000000028e+01
2.282000000000000028e+01
2.278000000000000114e+01
2.278000000000000114e+01
2.278000000000000114e+01
2.276000000000000156e+01
2.279990000000000094e+01
2.276000000000000156e+01
2.278000000000000114e+01
2.276000000000000156e+01
2.278000000000000114e+01
2.279990000000000094e+01
2.276000000000000156e+01
2.276000000000000156e+01
2.271989999999999910e+01
2.279990000000000094e+01
2.276000000000000156e+01
2.276000000000000156e+01
2.278000000000000114e+01
2.279990000000000094e+01
2.278000000000000114e+01
2.278000000000000114e+01
2.276000000000000156e+01
2.279990000000000094e+01
2.276000000000000156e+01
2.278000000000000114e+01
2.278000000000000114e+01
2.279990000000000094e+01
2.278000000000000114e+01
2.276000000000000156e+01
2.273999999999999844e+01
2.279990000000000094e+01
2.278000000000000114e+01
2.276000000000000156e+01
2.273999999999999844e+01
2.279990000000000094e+01
2.276000000000000156e+01
2.278000000000000114e+01
2.279990000000000094e+01
2.279990000000000094e+01
2.276000000000000156e+01
2.278000000000000114e+01
2.276000000000000156e+01
2.278000000000000114e+01
2.276000000000000156e+01
2.278000000000000114e+01
2.282000000000000028e+01
2.279990000000000094e+01
2.278000000000000114e+01
2.278000000000000114e+01
2.279990000000000094e+01
2.279990000000000094e+01
2.283999999999999986e+01
2.278000000000000114e+01
2.278000000000000114e+01
2.278000000000000114e+01
2.279990000000000094e+01
2.278000000000000114e+01
2.279990000000000094e+01
2.279990000000000094e+01
2.278000000000000114e+01
2.279990000000000094e+01
2.282000000000000028e+01
2.278000000000000114e+01
2.276000000000000156e+01
2.278000000000000114e+01
2.279990000000000094e+01
2.278000000000000114e+01
2.273999999999999844e+01
2.276000000000000156e+01
2.278000000000000114e+01
2.276000000000000156e+01
2.283999999999999986e+01
2.282000000000000028e+01
2.279990000000000094e+01
2.278000000000000114e+01
2.278000000000000114e+01
2.279990000000000094e+01
2.279990000000000094e+01
2.278000000000000114e+01
2.278000000000000114e+01
2.282000000000000028e+01
2.283999999999999986e+01
2.285999999999999943e+01
2.282000000000000028e+01
2.282000000000000028e+01
2.282000000000000028e+01
2.282000000000000028e+01
2.283999999999999986e+01
2.285999999999999943e+01
2.278000000000000114e+01
2.282000000000000028e+01
2.282000000000000028e+01
2.283999999999999986e+01
2.283999999999999986e+01
2.282000000000000028e+01
2.282000000000000028e+01
2.285999999999999943e+01
2.282000000000000028e+01
2.282000000000000028e+01
2.285999999999999943e+01
2.283999999999999986e+01
2.278000000000000114e+01
2.279990000000000094e+01
2.279990000000000094e+01
2.282000000000000028e+01
2.285999999999999943e+01
2.283999999999999986e+01
2.282000000000000028e+01
2.287989999999999924e+01
2.289999999999999858e+01
2.285999999999999943e+01
2.283999999999999986e+01
2.282000000000000028e+01
2.282000000000000028e+01
2.283999999999999986e+01
2.283999999999999986e+01
2.283999999999999986e+01
2.283999999999999986e+01
2.282000000000000028e+01
2.285999999999999943e+01
2.285999999999999943e+01
2.285999999999999943e+01
2.285999999999999943e+01
2.285999999999999943e+01
2.287989999999999924e+01
2.285999999999999943e+01
2.285999999999999943e+01
2.279990000000000094e+01
2.279990000000000094e+01
2.279990000000000094e+01
2.283999999999999986e+01
2.283999999999999986e+01
2.287989999999999924e+01
2.287989999999999924e+01
2.287989999999999924e+01
2.285999999999999943e+01
2.285999999999999943e+01
2.285999999999999943e+01
2.285999999999999943e+01
2.283999999999999986e+01
2.282000000000000028e+01
2.287989999999999924e+01
2.285999999999999943e+01
2.283999999999999986e+01
2.285999999999999943e+01
2.282000000000000028e+01
2.285999999999999943e+01
2.282000000000000028e+01
2.283999999999999986e+01
2.283999999999999986e+01
2.283999999999999986e+01
2.283999999999999986e+01
2.282000000000000028e+01
2.285999999999999943e+01
2.287989999999999924e+01
2.285999999999999943e+01
2.282000000000000028e+01
2.283999999999999986e+01
2.282000000000000028e+01
2.282000000000000028e+01
2.285999999999999943e+01
2.285999999999999943e+01
2.279990000000000094e+01
2.279990000000000094e+01
2.282000000000000028e+01
2.283999999999999986e+01
2.283999999999999986e+01
2.282000000000000028e+01
2.283999999999999986e+01
2.285999999999999943e+01
2.283999999999999986e+01
2.287989999999999924e+01
2.283999999999999986e+01
2.283999999999999986e+01
2.282000000000000028e+01
2.279990000000000094e+01
2.283999999999999986e+01
2.279990000000000094e+01
2.283999999999999986e+01
2.285999999999999943e+01
2.289999999999999858e+01
2.285999999999999943e+01
2.283999999999999986e+01
2.283999999999999986e+01
2.287989999999999924e+01
2.285999999999999943e+01
2.282000000000000028e+01
2.282000000000000028e+01
2.285999999999999943e+01
2.285999999999999943e+01
2.285999999999999943e+01
2.287989999999999924e+01
2.282000000000000028e+01
2.283999999999999986e+01
2.282000000000000028e+01
2.287989999999999924e+01
2.283999999999999986e+01
2.287989999999999924e+01
2.282000000000000028e+01
2.283999999999999986e+01
2.285999999999999943e+01
2.287989999999999924e+01
2.285999999999999943e+01
2.283999999999999986e+01
2.283999999999999986e+01
2.283999999999999986e+01
2.285999999999999943e+01
2.289999999999999858e+01
2.287989999999999924e+01
2.287989999999999924e+01
2.285999999999999943e+01
2.285999999999999943e+01
2.285999999999999943e+01
2.283999999999999986e+01
2.289999999999999858e+01
2.287989999999999924e+01
2.287989999999999924e+01
2.285999999999999943e+01
2.283999999999999986e+01
2.283999999999999986e+01
2.287989999999999924e+01
2.285999999999999943e+01
2.287989999999999924e+01
2.285999999999999943e+01
2.289999999999999858e+01
2.285999999999999943e+01
2.287989999999999924e+01
2.287989999999999924e+01
2.287989999999999924e+01
2.287989999999999924e+01
2.285999999999999943e+01
2.289999999999999858e+01
2.287989999999999924e+01
2.287989999999999924e+01
2.285999999999999943e+01
2.287989999999999924e+01
2.285999999999999943e+01
2.287989999999999924e+01
2.287989999999999924e+01
2.287989999999999924e+01
2.285999999999999943e+01
2.287989999999999924e+01
2.287989999999999924e+01
2.287989999999999924e+01
2.287989999999999924e+01
2.289999999999999858e+01
2.289999999999999858e+01
2.289999999999999858e+01
2.285999999999999943e+01
2.289999999999999858e+01
2.285999999999999943e+01
2.289999999999999858e+01
2.291000000000000014e+01
2.289999999999999858e+01
2.285999999999999943e+01
2.291000000000000014e+01
2.289999999999999858e+01
2.292999999999999972e+01
2.291000000000000014e+01
2.289999999999999858e+01
2.287989999999999924e+01
2.287989999999999924e+01
2.292999999999999972e+01
2.291000000000000014e+01
2.291000000000000014e+01
2.287989999999999924e+01
2.291000000000000014e+01
2.292999999999999972e+01
2.291000000000000014e+01
2.289999999999999858e+01
2.291000000000000014e+01
2.291000000000000014e+01
2.292999999999999972e+01
2.292999999999999972e+01
2.292999999999999972e+01
2.292999999999999972e+01
2.291000000000000014e+01
2.289999999999999858e+01
2.292999999999999972e+01
2.292999999999999972e+01
2.294999999999999929e+01
2.291000000000000014e+01
2.291000000000000014e+01
2.292999999999999972e+01
2.291000000000000014e+01
2.291000000000000014e+01
2.289999999999999858e+01
2.291000000000000014e+01
2.292999999999999972e+01
2.294999999999999929e+01
2.292999999999999972e+01
2.292999999999999972e+01
2.296989999999999910e+01
2.296989999999999910e+01
2.296989999999999910e+01
2.294999999999999929e+01
2.294999999999999929e+01
2.294999999999999929e+01
2.292999999999999972e+01
2.294999999999999929e+01
2.291000000000000014e+01
2.298999999999999844e+01
2.296989999999999910e+01
2.294999999999999929e+01
2.296989999999999910e+01
2.292999999999999972e+01
2.294999999999999929e+01
2.292999999999999972e+01
2.294999999999999929e+01
2.292999999999999972e+01
2.296989999999999910e+01
2.296989999999999910e+01
2.301000000000000156e+01
2.294999999999999929e+01
2.298999999999999844e+01
2.298999999999999844e+01
2.294999999999999929e+01
2.294999999999999929e+01
2.296989999999999910e+01
2.296989999999999910e+01
2.298999999999999844e+01
2.294999999999999929e+01
2.292999999999999972e+01
2.294999999999999929e+01
2.296989999999999910e+01
2.296989999999999910e+01
2.296989999999999910e+01
2.298999999999999844e+01
2.296989999999999910e+01
2.296989999999999910e+01
2.294999999999999929e+01
2.292999999999999972e+01
2.294999999999999929e+01
2.301000000000000156e+01
2.303000000000000114e+01
2.296989999999999910e+01
2.298999999999999844e+01
2.303000000000000114e+01
2.298999999999999844e+01
2.298999999999999844e+01
2.296989999999999910e+01
2.301000000000000156e+01
2.298999999999999844e+01
2.298999999999999844e+01
2.301000000000000156e+01
2.301000000000000156e+01
2.296989999999999910e+01
2.294999999999999929e+01
2.296989999999999910e+01
2.296989999999999910e+01
2.296989999999999910e+01
2.298999999999999844e+01
2.298999999999999844e+01
2.296989999999999910e+01
2.296989999999999910e+01
2.298999999999999844e+01
2.292999999999999972e+01
2.294999999999999929e+01
2.294999999999999929e+01
2.301000000000000156e+01
2.298999999999999844e+01
2.292999999999999972e+01
2.294999999999999929e+01
2.294999999999999929e+01
2.292999999999999972e+01
2.292999999999999972e+01
2.294999999999999929e+01
2.296989999999999910e+01
2.292999999999999972e+01
2.291000000000000014e+01
2.292999999999999972e+01
2.292999999999999972e+01
2.291000000000000014e+01
2.292999999999999972e+01
2.289999999999999858e+01
2.289999999999999858e+01
2.287989999999999924e+01
2.291000000000000014e+01
2.294999999999999929e+01
2.287989999999999924e+01
2.283999999999999986e+01
2.291000000000000014e+01
2.285999999999999943e+01
2.289999999999999858e+01
2.289999999999999858e+01
2.285999999999999943e+01
2.285999999999999943e+01
2.282000000000000028e+01
2.287989999999999924e+01
2.287989999999999924e+01
2.283999999999999986e+01
2.285999999999999943e+01
2.283999999999999986e+01
2.282000000000000028e+01
2.285999999999999943e+01
2.283999999999999986e+01
2.283999999999999986e+01
2.283999999999999986e+01
2.282000000000000028e+01
2.278000000000000114e+01
2.282000000000000028e+01
2.278000000000000114e+01
2.279990000000000094e+01
2.279990000000000094e+01
2.282000000000000028e+01
2.282000000000000028e+01
2.278000000000000114e+01
2.279990000000000094e+01
2.273999999999999844e+01
2.278000000000000114e+01
2.276000000000000156e+01
2.278000000000000114e+01
2.279990000000000094e+01
